4.924429 0.000000
4.912061 0.020000
4.898619 0.040000
4.883905 0.060000
4.867598 0.080000
4.849259 0.100000
4.828326 0.120000
4.804121 0.140000
4.775844 0.160000
4.742574 0.180000
4.703271 0.200000
4.656777 0.220000
4.601810 0.240000
4.537891 0.260000
4.461661 0.280000
4.372399 0.300000
4.268733 0.320000
4.148006 0.340000
4.008609 0.360000
3.848421 0.380000
3.665203 0.400000
3.456595 0.420000
3.221043 0.440000
2.954098 0.460000
2.653966 0.480000
2.317808 0.500000
1.942666 0.520000
1.525463 0.540000
1.064298 0.560000
0.553270 0.580000
0.110000 0.600000
