0.00 1.00 0.50 3.00 5.00
0.02 1.01 0.51 3.00 5.00
0.04 1.02 0.52 3.00 5.00
0.06 1.03 0.52 3.00 5.00
0.08 1.04 0.53 3.00 4.99
0.10 1.05 0.54 3.00 4.99
0.12 1.06 0.55 2.99 4.99
0.14 1.07 0.56 2.99 4.98
0.16 1.08 0.56 2.99 4.98
0.18 1.09 0.57 2.99 4.97
0.20 1.10 0.58 2.99 4.97
0.22 1.11 0.59 2.98 4.96
0.24 1.12 0.60 2.98 4.95
0.26 1.13 0.60 2.98 4.95
0.28 1.14 0.61 2.97 4.94
0.30 1.15 0.62 2.97 4.93
0.32 1.16 0.63 2.97 4.92
0.34 1.17 0.64 2.96 4.91
0.36 1.18 0.64 2.96 4.90
0.38 1.19 0.65 2.95 4.89
0.40 1.20 0.66 2.95 4.88
0.42 1.21 0.67 2.94 4.87
0.44 1.22 0.67 2.94 4.85
0.46 1.23 0.68 2.93 4.84
0.48 1.24 0.69 2.93 4.83
0.50 1.25 0.70 2.92 4.81
0.52 1.26 0.71 2.92 4.80
0.54 1.27 0.71 2.91 4.78
0.56 1.28 0.72 2.90 4.77
0.58 1.29 0.73 2.90 4.75
0.60 1.30 0.74 2.89 4.73
0.62 1.31 0.75 2.88 4.72
0.64 1.32 0.75 2.88 4.70
0.66 1.33 0.76 2.87 4.68
0.68 1.34 0.77 2.86 4.66
0.70 1.35 0.78 2.85 4.64
0.72 1.36 0.78 2.85 4.62
0.74 1.37 0.79 2.84 4.60
0.76 1.38 0.80 2.83 4.58
0.78 1.39 0.81 2.82 4.55
0.80 1.40 0.81 2.81 4.53
0.82 1.41 0.82 2.80 4.51
0.84 1.42 0.83 2.79 4.49
0.86 1.43 0.84 2.78 4.46
0.88 1.44 0.85 2.78 4.44
0.90 1.45 0.85 2.77 4.41
0.92 1.46 0.86 2.76 4.38
0.94 1.47 0.87 2.75 4.36
0.96 1.48 0.88 2.74 4.33
0.98 1.49 0.88 2.73 4.30
1.00 1.50 0.89 2.72 4.27
1.02 1.50 0.90 2.71 4.24
1.04 1.51 0.91 2.69 4.21
1.06 1.52 0.92 2.68 4.18
1.08 1.53 0.92 2.67 4.15
1.10 1.54 0.93 2.66 4.12
1.12 1.55 0.94 2.65 4.09
1.14 1.56 0.95 2.64 4.06
1.16 1.57 0.95 2.63 4.02
1.18 1.58 0.96 2.62 3.99
1.20 1.59 0.97 2.61 3.96
1.22 1.60 0.98 2.59 3.92
1.24 1.61 0.98 2.58 3.89
1.26 1.62 0.99 2.57 3.85
1.28 1.63 1.00 2.56 3.81
1.30 1.64 1.01 2.55 3.78
1.32 1.65 1.01 2.53 3.74
1.34 1.66 1.02 2.52 3.70
1.36 1.67 1.03 2.51 3.66
1.38 1.68 1.04 2.50 3.62
1.40 1.69 1.04 2.48 3.58
1.42 1.70 1.05 2.47 3.54
1.44 1.71 1.06 2.46 3.50
1.46 1.72 1.07 2.44 3.45
1.48 1.73 1.07 2.43 3.41
1.50 1.74 1.08 2.42 3.37
1.52 1.75 1.09 2.41 3.32
1.54 1.76 1.10 2.39 3.28
1.56 1.77 1.11 2.38 3.24
1.58 1.78 1.11 2.37 3.19
1.60 1.79 1.12 2.36 3.15
1.62 1.80 1.13 2.34 3.10
1.64 1.81 1.13 2.33 3.06
1.66 1.82 1.14 2.32 3.01
1.68 1.83 1.15 2.31 2.97
1.70 1.84 1.16 2.30 2.93
1.72 1.85 1.16 2.28 2.88
1.74 1.86 1.17 2.27 2.84
1.76 1.87 1.18 2.26 2.79
1.78 1.87 1.19 2.25 2.75
1.80 1.88 1.19 2.24 2.70
1.82 1.89 1.20 2.23 2.66
1.84 1.90 1.21 2.22 2.61
1.86 1.91 1.22 2.21 2.57
1.88 1.92 1.22 2.20 2.52
1.90 1.93 1.23 2.19 2.48
1.92 1.94 1.24 2.18 2.43
1.94 1.95 1.25 2.17 2.39
1.96 1.96 1.25 2.17 2.34
1.98 1.97 1.26 2.16 2.30
2.00 1.98 1.27 2.15 2.25
2.02 1.99 1.27 2.14 2.21
2.04 2.00 1.28 2.13 2.16
2.06 2.01 1.29 2.13 2.12
2.08 2.02 1.30 2.12 2.07
2.10 2.03 1.30 2.12 2.02
2.12 2.04 1.31 2.11 1.98
2.14 2.05 1.32 2.11 1.93
2.16 2.06 1.33 2.10 1.89
2.18 2.07 1.33 2.10 1.84
2.20 2.08 1.34 2.10 1.79
2.22 2.09 1.35 2.10 1.75
2.24 2.10 1.36 2.10 1.70
