Tempo Bola_vx Bola_vy Robo_vx Robo_vy
0.00 0.500000 0.400000 -0.024721 -0.016996
0.02 0.499700 0.399680 -0.049446 -0.033987
0.04 0.499400 0.399360 -0.074174 -0.050973
0.06 0.499100 0.399040 -0.098905 -0.067955
0.08 0.498800 0.398720 -0.123639 -0.084932
0.10 0.498500 0.398400 -0.148377 -0.101904
0.12 0.498200 0.398080 -0.173118 -0.118871
0.14 0.497900 0.397760 -0.197862 -0.135833
0.16 0.497600 0.397440 -0.222610 -0.152790
0.18 0.497300 0.397120 -0.247362 -0.169742
0.20 0.497000 0.396800 -0.272116 -0.186689
0.22 0.496700 0.396480 -0.296875 -0.203631
0.24 0.496400 0.396160 -0.321636 -0.220567
0.26 0.496100 0.395840 -0.346381 -0.237530
0.28 0.495800 0.395520 -0.371148 -0.254458
0.30 0.495500 0.395200 -0.395919 -0.271382
0.32 0.495200 0.394880 -0.420711 -0.288274
0.34 0.494900 0.394560 -0.445491 -0.305185
0.36 0.494600 0.394240 -0.470274 -0.322091
0.38 0.494300 0.393920 -0.495060 -0.338992
0.40 0.494000 0.393600 -0.519851 -0.355887
0.42 0.493700 0.393280 -0.544645 -0.372776
0.44 0.493400 0.392960 -0.569407 -0.389712
0.46 0.493100 0.392640 -0.594207 -0.406593
0.48 0.492800 0.392320 -0.619012 -0.423467
0.50 0.492500 0.392000 -0.643820 -0.440336
0.52 0.492200 0.391680 -0.668632 -0.457199
0.54 0.491900 0.391360 -0.693448 -0.474057
0.56 0.491600 0.391040 -0.718254 -0.490930
0.58 0.491300 0.390720 -0.743077 -0.507776
0.60 0.491000 0.390400 -0.767905 -0.524616
0.62 0.490700 0.390080 -0.792737 -0.541450
0.64 0.490400 0.389760 -0.817574 -0.558277
0.66 0.490100 0.389440 -0.842414 -0.575099
0.68 0.489800 0.389120 -0.867201 -0.591999
0.70 0.489500 0.388800 -0.892049 -0.608810
0.72 0.489200 0.388480 -0.916943 -0.625552
0.74 0.488900 0.388160 -0.941801 -0.642349
0.76 0.488600 0.387840 -0.966597 -0.659235
0.78 0.488300 0.387520 -0.991462 -0.676021
0.80 0.488000 0.387200 -1.016331 -0.692799
0.82 0.487700 0.386880 -1.041206 -0.709571
0.84 0.487400 0.386560 -1.066061 -0.726370
0.86 0.487100 0.386240 -1.090945 -0.743128
0.88 0.486800 0.385920 -1.115833 -0.759879
0.90 0.486500 0.385600 -1.140726 -0.776623
0.92 0.486200 0.385280 -1.165541 -0.793483
0.94 0.485900 0.384960 -1.190442 -0.810214
0.96 0.485600 0.384640 -1.215410 -0.826849
0.98 0.485300 0.384320 -1.240232 -0.843697
1.00 0.485000 0.384000 -1.265149 -0.860406
1.02 0.484700 0.383680 -1.290071 -0.877107
1.04 0.484400 0.383360 -1.314900 -0.893945
1.06 0.484100 0.383040 -1.339900 -0.910531
1.08 0.483800 0.382720 -1.364839 -0.927208
1.10 0.483500 0.382400 -1.389676 -0.944034
1.12 0.483200 0.382080 -1.414624 -0.960697
1.14 0.482900 0.381760 -1.439578 -0.977351
1.16 0.482600 0.381440 -1.464501 -0.994050
1.18 0.482300 0.381120 -1.489467 -1.010687
1.20 0.482000 0.380800 -1.514318 -1.027493
1.22 0.481700 0.380480 -1.539294 -1.044114
1.24 0.481400 0.380160 -1.564364 -1.060597
1.26 0.481100 0.379840 -1.589224 -1.077389
1.28 0.480800 0.379520 -1.614220 -1.093981
1.30 0.480500 0.379200 -1.639084 -1.110766
1.32 0.480200 0.378880 -1.664188 -1.127200
1.34 0.479900 0.378560 -1.689204 -1.143761
1.36 0.479600 0.378240 -1.714079 -1.160531
1.38 0.479300 0.377920 -1.739211 -1.176921
1.40 0.479000 0.377600 -1.764094 -1.193681
1.42 0.478700 0.377280 -1.789137 -1.210201
1.44 0.478400 0.376960 -1.814025 -1.226952
1.46 0.478100 0.376640 -1.839197 -1.243284
1.48 0.477800 0.376320 -1.864092 -1.260024
1.50 0.477500 0.376000 -1.889166 -1.276500
1.52 0.477200 0.375680 -1.906084 -1.287184
1.54 0.476900 0.375360 -1.906129 -1.287117
1.56 0.476600 0.375040 -1.906360 -1.286776
1.58 0.476300 0.374720 -1.906406 -1.286707
1.60 0.476000 0.374400 -1.906769 -1.286169
1.62 0.475700 0.374080 -1.906818 -1.286097
1.64 0.475400 0.373760 -1.906867 -1.286025
1.66 0.475100 0.373440 -1.907242 -1.285468
1.68 0.474800 0.373120 -1.907293 -1.285393
1.70 0.474500 0.372800 -1.907543 -1.285021
1.72 0.474200 0.372480 -1.907731 -1.284742
1.74 0.473900 0.372160 -1.907988 -1.284361
1.76 0.473600 0.371840 -1.908043 -1.284279
1.78 0.473300 0.371520 -1.908446 -1.283680
1.80 0.473000 0.371200 -1.908503 -1.283595
1.82 0.472700 0.370880 -1.908916 -1.282981
1.84 0.472400 0.370560 -1.908976 -1.282892
1.86 0.472100 0.370240 -1.909037 -1.282801
1.88 0.471800 0.369920 -1.909465 -1.282163
1.90 0.471500 0.369600 -1.909529 -1.282068
1.92 0.471200 0.369280 -1.909818 -1.281637
1.94 0.470900 0.368960 -1.910037 -1.281311
1.96 0.470600 0.368640 -1.910104 -1.281211
1.98 0.470300 0.368320 -1.910563 -1.280527
2.00 0.470000 0.368000 -1.910633 -1.280422
2.02 0.469700 0.367680 -1.910705 -1.280316
2.04 0.469400 0.367360 -1.911182 -1.279602
2.06 0.469100 0.367040 -1.911257 -1.279490
2.08 0.468800 0.366720 -1.911500 -1.279127
2.10 0.468500 0.366400 -1.911831 -1.278633
2.12 0.468200 0.366080 -1.911911 -1.278514
2.14 0.467900 0.365760 -1.912166 -1.278132
2.16 0.467600 0.365440 -1.912512 -1.277613
2.18 0.467300 0.365120 -1.912776 -1.277218
2.20 0.467000 0.364800 -1.912864 -1.277087
2.22 0.466700 0.364480 -1.913412 -1.276266
2.24 0.466400 0.364160 -1.913504 -1.276128
2.26 0.466100 0.363840 -1.913787 -1.275704
2.28 0.465800 0.363520 -1.913883 -1.275559
2.30 0.465500 0.363200 -1.914274 -1.274973
2.32 0.465200 0.362880 -1.914573 -1.274524
2.34 0.464900 0.362560 -1.914676 -1.274368
2.36 0.464600 0.362240 -1.914987 -1.273902
2.38 0.464300 0.361920 -1.915408 -1.273269
2.40 0.464000 0.361600 -1.915731 -1.272783
2.42 0.463700 0.361280 -1.915846 -1.272610
2.44 0.463400 0.360960 -1.916182 -1.272103
2.46 0.463100 0.360640 -1.916638 -1.271416
2.48 0.462800 0.360320 -1.916989 -1.270887
2.50 0.462500 0.360000 -1.917118 -1.270693
2.52 0.462200 0.359680 -1.917484 -1.270140
2.54 0.461900 0.359360 -1.917620 -1.269935
2.56 0.461600 0.359040 -1.918371 -1.268800
2.58 0.461300 0.358720 -1.918516 -1.268580
2.60 0.461000 0.358400 -1.918918 -1.267972
2.62 0.460700 0.358080 -1.919072 -1.267739
2.64 0.460400 0.357760 -1.919494 -1.267100
2.66 0.460100 0.357440 -1.919657 -1.266853
2.68 0.459800 0.357120 -1.920519 -1.265546
2.70 0.459500 0.356800 -1.920695 -1.265279
2.72 0.459200 0.356480 -1.921164 -1.264567
2.74 0.458900 0.356160 -1.921647 -1.263833
2.76 0.458600 0.355840 -1.921841 -1.263537
2.78 0.458300 0.355520 -1.922352 -1.262760
2.80 0.458000 0.355200 -1.922561 -1.262443
2.82 0.457700 0.354880 -1.923102 -1.261617
2.84 0.457400 0.354560 -1.923327 -1.261275
2.86 0.457100 0.354240 -1.924429 -1.259593
2.88 0.456800 0.353920 -1.924675 -1.259217
2.90 0.456500 0.353600 -1.925294 -1.258270
2.92 0.456200 0.353280 -1.925936 -1.257287
2.94 0.455900 0.352960 -1.926216 -1.256858
2.96 0.455600 0.352640 -1.926906 -1.255800
2.98 0.455300 0.352320 -1.927212 -1.255330
3.00 0.455000 0.352000 -1.927959 -1.254183
3.02 0.454700 0.351680 -1.928737 -1.252985
3.04 0.454400 0.351360 -1.929093 -1.252438
3.06 0.454100 0.351040 -1.929943 -1.251128
3.08 0.453800 0.350720 -1.930339 -1.250517
3.10 0.453500 0.350400 -1.931272 -1.249075
3.12 0.453200 0.350080 -1.932256 -1.247553
3.14 0.452900 0.349760 -1.932731 -1.246817
3.16 0.452600 0.349440 -1.933826 -1.245117
3.18 0.452300 0.349120 -1.934989 -1.243308
3.20 0.452000 0.348800 -1.935575 -1.242396
3.22 0.451700 0.348480 -1.936895 -1.240338
3.24 0.451400 0.348160 -1.937579 -1.239269
3.26 0.451100 0.347840 -1.939100 -1.236888
3.28 0.450800 0.347520 -1.940749 -1.234299
3.30 0.450500 0.347200 -1.941653 -1.232876
3.32 0.450200 0.346880 -1.943618 -1.229776
3.34 0.449900 0.346560 -1.945794 -1.226329
3.36 0.449600 0.346240 -1.947076 -1.224294
3.38 0.449300 0.345920 -1.949812 -1.219931
3.40 0.449000 0.345600 -1.952955 -1.214894
3.42 0.448700 0.345280 -1.952373 -1.215828
3.44 0.448400 0.344960 -1.956664 -1.208910
3.46 0.448100 0.344640 -1.961984 -1.200258
3.48 0.447800 0.344320 -1.968906 -1.188870
3.50 0.447500 0.344000 -1.974930 -1.178835
